No_Decoys,RScore_AvgRMSD,IMScore_AvgRMSD,RScore_AvgTMScore,IMScore_AvgTMScore
100.0,4.628765371441841,4.3173271149396895,0.8397716666666665,0.8458866666666667
200.0,4.581778160730997,4.281309847036997,0.8384516666666666,0.8446466666666667
300.0,4.48592032790184,4.095836837093035,0.8392499999999999,0.8476700000000001
400.0,4.522694890697797,4.174246582388878,0.8423449999999999,0.8433250000000001
500.0,4.504497717817625,4.110050597786904,0.842615,0.8459350000000001
600.0,4.392633741100629,4.101760540405909,0.8430633333333334,0.8462883333333334
700.0,4.3731260617574055,4.1174665004014965,0.8440966666666667,0.8454966666666667
800.0,4.431256175041199,4.111682610710462,0.8439083333333334,0.84524
900.0,4.378678639729817,4.088698055346807,0.8459066666666667,0.8439116666666666
1000.0,4.389687467614809,4.091118305921555,0.84553,0.843945
1100.0,4.378938460350037,3.9963609794775645,0.8451149999999998,0.8452433333333335
1200.0,4.421186703443527,4.0737385749816895,0.8451066666666667,0.846945
1300.0,4.373898857831955,4.029925791422526,0.8453183333333334,0.8474216666666667
1400.0,4.355481308698654,4.079189916451772,0.84639,0.84956
1500.0,4.348950509230296,4.081769176324209,0.8464849999999999,0.8494383333333333
1600.0,4.383083448807398,4.221647620201111,0.846325,0.847975
1700.0,4.244946371515592,4.230124264955521,0.845945,0.8477183333333331
1800.0,4.234445736805598,4.129239788651466,0.8455133333333333,0.8479366666666667
1900.0,4.23021310766538,4.205418685078621,0.845055,0.8472799999999999
2000.0,4.395282791058222,4.2090571155150736,0.8436366666666667,0.8472566666666667
2100.0,4.365611336628596,4.171166482567787,0.8431066666666668,0.8474916666666666
2200.0,4.365611336628596,4.1644930313030875,0.8431066666666668,0.8468533333333333
2300.0,4.364725165565809,4.157636852065722,0.843145,0.8460300000000001
2400.0,4.35922577281793,4.169878644744555,0.84333,0.8457899999999999
2500.0,4.312588865558307,4.174451381961505,0.8432516666666667,0.84599
2600.0,4.34063008526961,4.1268155604600905,0.8427416666666667,0.8459583333333334
2700.0,4.39077944457531,4.126709392666816,0.8422616666666667,0.8458049999999999
2800.0,4.395773304502169,4.126709392666816,0.8418066666666666,0.8458049999999999
2900.0,4.408887099226316,4.134323794643084,0.8416483333333334,0.8458316666666668
3000.0,4.413727336128553,4.121685442328453,0.84118,0.8458766666666668
3100.0,4.4383173813422525,4.121685442328453,0.8412333333333334,0.8458766666666668
3200.0,4.440853220224381,4.119931754469872,0.8411600000000001,0.84596
3300.0,4.42614726026853,4.1232383141915,0.8403566666666668,0.8457850000000001
3400.0,4.42614726026853,4.1232383141915,0.8403566666666668,0.8457850000000001
3500.0,4.415275524059932,4.112366577982902,0.8407716666666667,0.8462
3600.0,4.402926121155421,4.101374893387159,0.8411983333333333,0.846615
3700.0,4.400060772895813,4.107595397035281,0.8414083333333334,0.8466966666666668
3800.0,4.394222823778788,4.08462565044562,0.8414733333333334,0.8475766666666666
3900.0,4.403790652751923,4.08462565044562,0.8398066666666667,0.8475766666666666
4000.0,4.403977252046267,4.085683107376099,0.8397733333333334,0.8475333333333332
4100.0,4.39139633278052,4.085683107376099,0.8407316666666667,0.8475333333333332
4200.0,4.394250862797102,4.079273279507955,0.840425,0.8480766666666669
4300.0,4.394250862797102,4.079273279507955,0.840425,0.8480766666666669
4400.0,4.394250862797102,3.951985013484955,0.840425,0.8490850000000001
4500.0,4.394250862797102,3.951985013484955,0.840425,0.8490850000000001
4600.0,4.394250862797102,3.95195171435674,0.840425,0.8490800000000002
4700.0,4.393763480583827,3.95195171435674,0.8411683333333335,0.8490800000000002
4800.0,4.393763480583827,3.9435584048430123,0.8411683333333335,0.8494
4900.0,4.386378353834152,3.9112665871779124,0.8412966666666668,0.8496366666666668
5000.0,4.384453746676445,3.9049539506435393,0.8413716666666669,0.8498266666666667
5100.0,4.395880171656609,3.9001584072907765,0.8410366666666669,0.8495900000000002
5200.0,4.395880171656609,3.8827147374550504,0.8410366666666669,0.8502683333333335
5300.0,4.233157760898272,3.8755951990683872,0.8430300000000002,0.8510366666666669
5400.0,4.233157760898272,3.8809493611256283,0.8430300000000002,0.8508766666666667
5500.0,4.232814913988113,3.897662718097369,0.8430400000000001,0.8505916666666667
5600.0,4.232814913988113,3.897662718097369,0.8430400000000001,0.8505916666666667
5700.0,4.232814913988113,3.897662718097369,0.8430400000000001,0.8505916666666667
5800.0,4.324399745464325,3.897662718097369,0.8412050000000001,0.8505916666666667
5900.0,4.324399745464325,3.897662718097369,0.8412050000000001,0.8505916666666667
6000.0,4.322574945290883,3.8630120744307836,0.8417800000000001,0.8510883333333333
6100.0,4.322574945290883,3.8630120744307836,0.8417800000000001,0.8510883333333333
6200.0,4.3240160266558325,3.8554919749498366,0.8419133333333335,0.8511866666666668
6300.0,4.330471547444661,3.8437806874513627,0.8417216666666668,0.8525100000000001
6400.0,4.330471547444661,3.8437806874513627,0.8417216666666668,0.8525100000000001
6500.0,4.330471547444661,3.8437806874513627,0.8417216666666668,0.8525100000000001
6600.0,4.333384887377421,3.8437806874513627,0.8417700000000001,0.8525100000000001
6700.0,4.328348525365194,3.8421940257151923,0.8418700000000001,0.8525683333333335
6800.0,4.328348525365194,3.808383032679558,0.8418700000000001,0.8528366666666668
6900.0,4.3256651600201925,3.805977619687716,0.8421333333333334,0.8529183333333334
7000.0,4.461850665012995,3.8066872149705886,0.8404733333333335,0.8528450000000001
7100.0,4.461850665012995,3.766070392727852,0.8404733333333335,0.8528266666666667
7200.0,4.460969505707423,3.765780046582222,0.8405733333333335,0.8529
7300.0,4.42108220855395,3.7467374632755917,0.8441950000000001,0.85535
7400.0,4.402065539360047,3.727720794081688,0.8443250000000001,0.8554800000000001
7500.0,4.402065539360047,3.7271048367023467,0.8443250000000001,0.8554966666666667
7600.0,4.402065539360047,3.7271048367023467,0.8443250000000001,0.8554966666666667
7700.0,4.408847473065058,3.7280045082171758,0.8436783333333334,0.8554716666666667
7800.0,4.411400008201599,3.7305570433537167,0.8435850000000003,0.8553783333333335
7900.0,4.411400008201599,3.7305570433537167,0.8435850000000003,0.8553783333333335
8000.0,4.399982925256094,3.7305570433537167,0.8447566666666668,0.8553783333333335
8100.0,4.400789827108383,3.7313639452060063,0.8447300000000001,0.8553516666666667
8200.0,4.405729049444199,3.7313639452060063,0.84466,0.8553516666666667
8300.0,4.405729049444199,3.7313639452060063,0.84466,0.8553516666666667
8400.0,4.405729049444199,3.7239943593740463,0.84466,0.8556866666666667
8500.0,4.405729049444199,3.7239943593740463,0.84466,0.8556866666666667
8600.0,4.416110684474309,3.7239943593740463,0.8440200000000001,0.8556866666666667
8700.0,4.580875164270401,3.7239943593740463,0.8417433333333334,0.8556866666666667
8800.0,4.580875164270401,3.7239943593740463,0.8417433333333334,0.8556866666666667
8900.0,4.580875164270401,3.7239943593740463,0.8417433333333334,0.8556866666666667
9000.0,4.571096477905909,3.7239943593740463,0.8413450000000001,0.8556866666666667
9100.0,4.5599762260913845,3.7237726360559464,0.8416616666666668,0.855565
9200.0,4.55631618698438,3.7189287811517717,0.8417783333333334,0.8558566666666666
9300.0,4.508247774839401,3.7189287811517717,0.8423966666666668,0.8558566666666666
9400.0,4.508247774839401,3.7180396487315495,0.8423966666666668,0.8563366666666667
9500.0,4.508846634626389,3.7180396487315495,0.8422966666666667,0.8563366666666667
9600.0,4.508846634626389,3.7180396487315495,0.8422966666666667,0.8563366666666667
9700.0,4.508846634626389,3.7180396487315495,0.8422966666666667,0.8563366666666667
9800.0,4.508846634626389,3.7180396487315495,0.8422966666666667,0.8563366666666667
9900.0,4.508966175715129,3.7181591898202897,0.8422783333333334,0.8563183333333334
10000.0,4.508712029457092,3.7179050435622534,0.8422866666666666,0.8563266666666667
